   1.9600000e+00   1.3608720e+00
   9.9000000e-01   3.7735483e-01
   4.0000000e-02   1.0485079e+00
   1.1000000e-01   4.6293536e-01
   2.8000000e-01  -9.2192148e-01
   1.7900000e+00   3.1120067e-01
   9.3000000e-01   1.5119428e-01
   1.1200000e+00   7.7384743e-01
   9.9000000e-01   3.7735483e-01
   1.4000000e-01   1.7363519e-01
   1.8000000e+00   4.2304734e-01
   5.8000000e-01  -4.3496670e-01
   5.4000000e-01  -5.7629434e-01
   1.1900000e+00   7.1635736e-01
   9.5000000e-01   2.2205865e-01
   7.4000000e-01  -1.6468948e-01
   1.3100000e+00  -1.9891749e-02
   1.8800000e+00   1.1351331e+00
   1.2400000e+00   5.0176375e-01
   5.7000000e-01  -4.6792218e-01
   4.1000000e-01  -1.0403662e+00
   8.8000000e-01   6.0762141e-03
   5.0000000e-02   9.7810276e-01
   1.7500000e+00  -1.5836395e-01
   1.2200000e+00   6.0519357e-01
   4.1000000e-01  -1.0403662e+00
   1.0400000e+00   5.7193047e-01
   1.1000000e-01   4.6293536e-01
   1.7200000e+00  -5.1313993e-01
   8.9000000e-01   3.0999394e-02
   1.1000000e+00   7.4451372e-01
   1.1300000e+00   7.8165073e-01
   1.3600000e+00  -4.9036309e-01
   7.4000000e-01  -1.6468948e-01
   1.6000000e-01  -1.9324276e-02
   9.1000000e-01   8.7147936e-02
   1.0000000e-01   5.5679236e-01
   1.4800000e+00  -1.4877287e+00
   8.0000000e-02   7.3678918e-01
   1.9100000e+00   1.2847800e+00
   1.4800000e+00  -1.4877287e+00
   1.8700000e+00   1.0690794e+00
   1.0300000e+00   5.3487109e-01
   4.8000000e-01  -8.1322863e-01
   5.2000000e-01  -6.5423031e-01
   1.5200000e+00  -1.6467270e+00
   1.9900000e+00   1.3019707e+00
   7.1000000e-01  -1.8617911e-01
   1.5100000e+00  -1.6186986e+00
   2.2000000e-01  -5.4715885e-01
   1.1900000e+00   7.1635736e-01
   8.6000000e-01  -3.7385178e-02
   1.4600000e+00  -1.3652358e+00
   5.2000000e-01  -6.5423031e-01
   1.9000000e-01  -2.9683615e-01
   9.0000000e-01   5.8040038e-02
   1.2800000e+00   2.3043094e-01
   2.6000000e-01  -8.1849165e-01
   9.1000000e-01   8.7147936e-02
   1.3000000e+00   6.7222968e-02
   1.6500000e+00  -1.2315594e+00
   6.2000000e-01  -3.2280412e-01
   8.0000000e-01  -1.2174126e-01
   1.7700000e+00   7.9398070e-02
   1.4000000e+00  -8.7352027e-01
   4.8000000e-01  -8.1322863e-01
   1.5200000e+00  -1.6467270e+00
   5.8000000e-01  -4.3496670e-01
   5.5000000e-01  -5.3878656e-01
   1.0000000e-02   1.2221172e+00
   7.5000000e-01  -1.5836395e-01
   8.7000000e-01  -1.6713078e-02
   6.1000000e-01  -3.4772730e-01
   5.8000000e-01  -4.3496670e-01
   4.9000000e-01  -7.7393629e-01
   1.8700000e+00   1.0690794e+00
   1.7200000e+00  -5.1313993e-01
   7.9000000e-01  -1.3054880e-01
   9.6000000e-01   2.5956643e-01
   1.1300000e+00   7.8165073e-01
   9.8000000e-01   3.3750240e-01
   5.4000000e-01  -5.7629434e-01
   1.9800000e+00   1.3299991e+00
   3.7000000e-01  -1.0983786e+00
   1.7200000e+00  -5.1313993e-01
   7.0000000e-02   8.2166304e-01
   6.6000000e-01  -2.4412411e-01
   1.5000000e+00  -1.5826280e+00
   1.2900000e+00   1.5081205e-01
   3.4000000e-01  -1.0909779e+00
   1.9000000e+00   1.2432660e+00
   1.0900000e+00   7.2363829e-01
   5.0000000e-01  -7.3409988e-01
   1.1600000e+00   7.7424996e-01
   1.8300000e+00   7.3411799e-01
   1.7900000e+00   3.1120067e-01
   9.7000000e-01   2.9813929e-01
   8.9000000e-01   3.0999394e-02
   6.2000000e-01  -3.2280412e-01
   1.1000000e-01   4.6293536e-01
   1.5100000e+00  -1.6186986e+00
   2.6000000e-01  -8.1849165e-01
   7.1000000e-01  -1.8617911e-01
   7.9000000e-01  -1.3054880e-01
   1.7700000e+00   7.9398070e-02
   4.0000000e-02   1.0485079e+00
   1.6900000e+00  -8.4798458e-01
   5.8000000e-01  -4.3496670e-01
   5.0000000e-01  -7.3409988e-01
   9.8000000e-01   3.3750240e-01
   1.4600000e+00  -1.3652358e+00
   4.1000000e-01  -1.0403662e+00
   4.3000000e-01  -9.8799106e-01
   1.9500000e+00   1.3633265e+00
   1.1900000e+00   7.1635736e-01
   6.1000000e-01  -3.4772730e-01
   1.9400000e+00   1.3569626e+00
   1.7900000e+00   3.1120067e-01
   3.8000000e-01  -1.0905753e+00
   0.0000000e+00   1.2659001e+00
   1.4200000e+00  -1.0535171e+00
   1.7400000e+00  -2.7761946e-01
   2.4000000e-01  -6.9291061e-01
   8.0000000e-02   7.3678918e-01
   1.2000000e+00   6.8525696e-01
   1.2100000e+00   6.4819183e-01
   1.0300000e+00   5.3487109e-01
   2.0000000e-02   1.1710008e+00
   1.3800000e+00  -6.8408983e-01
   1.8900000e+00   1.1932992e+00
   1.7500000e+00  -1.5836395e-01
   2.3000000e-01  -6.2240307e-01
   7.1000000e-01  -1.8617911e-01
   4.8000000e-01  -8.1322863e-01
   1.1200000e+00   7.7384743e-01
   1.2300000e+00   5.5634163e-01
   6.0000000e-01  -3.7476794e-01
   1.6000000e+00  -1.5599940e+00
   1.5900000e+00  -1.6015079e+00
   1.5600000e+00  -1.6736905e+00
   7.0000000e-01  -1.9498665e-01
   1.1000000e-01   4.6293536e-01
   1.4200000e+00  -1.0535171e+00
   1.9900000e+00   1.3019707e+00
   3.2000000e-01  -1.0582363e+00
   2.3000000e-01  -6.2240307e-01
   1.8300000e+00   7.3411799e-01
   9.6000000e-01   2.5956643e-01
   1.7000000e+00  -7.3977525e-01
   1.6200000e+00  -1.4518610e+00
